13.8148	20.9695
13.8198	21.0694
13.8314	21.1687
13.8495	21.267
13.874	21.3639
13.9048	21.459
13.9418	21.5519
13.9849	21.6422
14.0337	21.7294
14.0882	21.8132
14.1481	21.8933
14.2131	21.9693
14.283	22.0408
14.3574	22.1076
14.436	22.1693
14.5185	22.2258
14.6046	22.2767
14.6938	22.3218
14.7858	22.361
14.8801	22.3941
14.9764	22.4209
15.0743	22.4413
15.1733	22.4552
15.273	22.4626
15.373	22.4636
15.473	22.4627
15.573	22.4617
15.673	22.4608
15.773	22.4599
15.873	22.4589
15.973	22.458
16.073	22.4571
16.173	22.4562
16.273	22.4552
16.373	22.4543
16.473	22.4534
16.573	22.4524
16.673	22.4515
16.773	22.4506
16.873	22.4497
16.9729	22.4487
17.0729	22.4478
17.1729	22.4469
17.2729	22.4459
17.3729	22.445
17.4729	22.4441
17.5729	22.4432
17.6729	22.4422
17.7729	22.4413
17.8729	22.4404
17.9729	22.4394
18.0729	22.4385
18.1729	22.4376
18.2729	22.4367
18.3729	22.4357
18.4729	22.4348
18.5729	22.4339
18.6729	22.433
18.7729	22.432
18.8729	22.4311
18.9729	22.4302
19.0728	22.4267
19.1723	22.4173
19.2711	22.402
19.3689	22.3808
19.4651	22.3539
19.5597	22.3212
19.6521	22.2831
19.742	22.2395
19.8293	22.1906
19.9134	22.1366
19.9942	22.0777
20.0714	22.0141
20.1446	21.9461
20.2137	21.8737
20.2783	21.7975
20.3383	21.7175
20.3934	21.6341
20.4435	21.5475
20.4883	21.4581
20.5277	21.3662
20.5616	21.2722
20.5899	21.1763
20.6124	21.0788
20.629	20.9803
20.6344	20.8809
20.6193	20.7821
20.5988	20.6842
20.5731	20.5876
20.5421	20.4926
20.5059	20.3993
20.4648	20.3082
20.4187	20.2194
20.3679	20.1333
20.3124	20.0501
20.2525	19.9701
20.1884	19.8934
20.1201	19.8203
20.048	19.7511
19.9722	19.6859
19.8929	19.6249
19.8105	19.5684
19.7251	19.5164
19.6369	19.4691
19.5464	19.4268
19.4536	19.3894
19.359	19.3571
19.2627	19.3301
19.1652	19.3083
19.0665	19.2919
18.9671	19.2808
18.8674	19.2745
18.7675	19.2689
18.6677	19.2633
18.5678	19.2577
18.468	19.252
18.368	19.2497
18.268	19.2474
18.1681	19.2451
18.0681	19.2428
17.9681	19.2405
17.8681	19.2383
17.7682	19.236
17.6682	19.2337
17.5682	19.2314
17.4682	19.2291
17.3683	19.2268
17.2683	19.2245
17.1683	19.2223
17.0684	19.22
16.9684	19.2177
16.8684	19.2154
16.7684	19.2131
16.6685	19.2108
16.5685	19.2086
16.4685	19.2063
16.3685	19.204
16.2686	19.2017
16.1686	19.1994
16.0686	19.1971
15.9686	19.1948
15.8687	19.1926
15.7687	19.1903
15.6687	19.188
15.5687	19.1857
15.4688	19.1841
15.3692	19.193
15.2703	19.2076
15.1723	19.2278
15.0757	19.2534
14.9807	19.2846
14.8876	19.321
14.7967	19.3627
14.7083	19.4094
14.6227	19.4611
14.5402	19.5175
14.4609	19.5785
14.3853	19.6439
14.3135	19.7135
14.2458	19.787
14.1823	19.8643
14.1233	19.945
14.069	20.029
14.0195	20.1158
13.975	20.2054
13.9356	20.2973
13.9016	20.3913
13.8729	20.4871
13.8496	20.5843
13.8319	20.6827
13.8199	20.782
9.781100001	17.123
9.881099999	17.1226
9.9811	17.1221
10.0811	17.1217
10.1811	17.1212
10.2811	17.1208
10.3811	17.1203
10.4811	17.1199
10.5811	17.1194
10.6811	17.119
10.7811	17.1185
10.8811	17.1181
10.9811	17.1176
11.0811	17.1172
11.1811	17.1167
11.2811	17.1163
11.3811	17.1158
11.4811	17.1154
11.5811	17.1149
11.6811	17.1144
11.7811	17.114
11.8811	17.1135
11.9811	17.1131
12.0811	17.1126
12.1811	17.1122
12.2811	17.1117
12.3811	17.1113
12.4811	17.1108
12.5811	17.1104
12.6811	17.1099
12.7811	17.1095
12.8811	17.109
12.9811	17.1086
13.0811	17.1081
13.1811	17.1077
13.2811	17.1072
13.3811	17.1068
13.4811	17.1063
13.5811	17.1059
13.6811	17.1054
13.7811	17.1049
13.8811	17.1045
13.9811	17.104
14.0811	17.1036
14.1669	17.089
14.1673	16.989
14.1676	16.889
14.1679	16.789
14.1682	16.689
14.1685	16.589
14.1688	16.489
14.1691	16.389
14.1694	16.289
14.1697	16.1891
14.17	16.0891
14.1703	15.9891
14.1706	15.8891
14.171	15.7891
14.1713	15.6891
14.1716	15.5891
14.1719	15.4891
14.1722	15.3891
14.1725	15.2891
14.1728	15.1891
14.1731	15.0891
14.1734	14.9891
14.1737	14.8891
14.174	14.7891
14.1743	14.6891
14.1747	14.5891
14.175	14.4891
14.1753	14.3891
14.1756	14.2891
14.1141	14.2526
14.0141	14.2556
13.9142	14.2586
13.8142	14.2616
13.7143	14.2646
13.6143	14.2677
13.5144	14.2707
13.4144	14.2737
13.3145	14.2767
13.2145	14.2798
13.1145	14.2828
13.0146	14.2858
12.9146	14.2888
12.8147	14.2918
12.7147	14.2949
12.6148	14.2979
12.5148	14.3009
12.4149	14.3039
12.3149	14.3069
12.215	14.31
12.115	14.313
12.015	14.316
11.9151	14.319
11.8151	14.3221
11.7152	14.3251
11.6152	14.3281
11.5153	14.3311
11.4153	14.3341
11.3154	14.3372
11.2154	14.3402
11.1155	14.3432
11.0155	14.3462
10.9155	14.3492
10.8156	14.3523
10.7156	14.3553
10.6157	14.3583
10.5157	14.3613
10.4158	14.3644
10.3158	14.3674
10.2159	14.3704
10.1159	14.3734
10.016	14.3764
9.916000001	14.3795
9.816100001	14.3825
9.7161	14.3855
9.679699998	14.4502
9.6798	14.5502
9.6798	14.6502
9.679900002	14.7502
9.679900002	14.8502
9.68	14.9502
9.68	15.0502
9.680100001	15.1502
9.680100001	15.2502
9.680199999	15.3502
9.680199999	15.4502
9.680300001	15.5502
9.680300001	15.6502
9.680399999	15.7502
9.680399999	15.8502
9.680500001	15.9502
9.680599999	16.0502
9.680599999	16.1502
9.6807	16.2502
9.6807	16.3502
9.680799998	16.4502
9.680799998	16.5502
9.6809	16.6502
9.6809	16.7502
9.681000002	16.8502
9.681000002	16.9502
9.6811	17.0502
31.4002	20.4516
31.4277	20.5477
31.4551	20.6439
31.4825	20.7401
31.51	20.8362
31.5374	20.9324
31.5648	21.0285
31.5933	21.1244
31.6326	21.2163
31.6844	21.3017
31.7479	21.3789
31.8216	21.4463
31.9041	21.5026
31.9938	21.5467
32.0888	21.5776
32.1872	21.5949
32.2865	21.6073
32.3857	21.6198
32.4849	21.6322
32.5841	21.6446
32.6834	21.6571
32.7826	21.6695
32.8818	21.6819
32.981	21.6943
33.0802	21.7068
33.1795	21.7192
33.2787	21.7316
33.3779	21.7441
33.4771	21.7565
33.5764	21.7689
33.6756	21.7813
33.7748	21.7938
33.874	21.8062
33.9733	21.8186
34.0725	21.831
34.1717	21.8435
34.2709	21.8559
34.3702	21.8683
34.4694	21.8808
34.5691	21.8862
34.6691	21.8884
34.7691	21.8905
34.8691	21.8927
34.969	21.8948
35.069	21.897
35.169	21.8991
35.269	21.9012
35.3689	21.9034
35.4689	21.9055
35.5689	21.9077
35.6689	21.9098
35.7689	21.9119
35.8688	21.9141
35.9688	21.9162
36.0688	21.9184
36.1688	21.9205
36.2687	21.9227
36.3687	21.9248
36.4687	21.9269
36.5687	21.9291
36.6686	21.9312
36.7686	21.9334
36.8686	21.9322
36.9682	21.9234
37.0668	21.9071
37.1639	21.8834
37.259	21.8523
37.3514	21.8141
37.4406	21.769
37.5261	21.7173
37.6075	21.6592
37.6842	21.5951
37.7559	21.5254
37.822	21.4504
37.8823	21.3706
37.9363	21.2865
37.9837	21.1985
38.0248	21.1073
38.0642	21.0154
38.1036	20.9235
38.1289	20.8273
38.1477	20.7291
38.1666	20.6309
38.1854	20.5327
38.2042	20.4345
38.223	20.3362
38.2418	20.238
38.2575	20.1393
38.2675	20.0398
38.2718	19.9399
38.2704	19.8399
38.2632	19.7402
38.2503	19.641
38.2318	19.5428
38.2077	19.4458
38.178	19.3503
38.1429	19.2566
38.1026	19.1652
38.057	19.0762
38.0064	18.9899
37.951	18.9067
37.8909	18.8268
37.8263	18.7505
37.7574	18.678
37.6845	18.6096
37.6078	18.5454
37.5275	18.4858
37.444	18.4309
37.3574	18.3808
37.2682	18.3358
37.1761	18.2972
37.0808	18.2666
36.9856	18.236
36.8904	18.2054
36.7952	18.1748
36.7	18.1442
36.6048	18.1136
36.5096	18.083
36.4144	18.0524
36.3192	18.0218
36.224	17.9912
36.1288	17.9606
36.0336	17.93
35.9384	17.8994
35.8432	17.8688
35.748	17.8382
35.6528	17.8076
35.5576	17.777
35.4624	17.7464
35.3672	17.7158
35.272	17.6852
35.1768	17.6546
35.0816	17.624
34.9864	17.5934
34.8912	17.5628
34.796	17.5322
34.699	17.5096
34.5997	17.4973
34.5005	17.4849
34.4013	17.4727
34.3017	17.4638
34.2018	17.4592
34.1018	17.4587
34.0019	17.4625
33.9022	17.4704
33.8029	17.4826
33.7043	17.4989
33.6064	17.5194
33.5095	17.544
33.4137	17.5726
33.3192	17.6053
33.2261	17.6419
33.1347	17.6824
33.0451	17.7267
32.9574	17.7747
32.8718	17.8264
32.7884	17.8817
32.7075	17.9404
32.6291	18.0025
32.5534	18.0678
32.4806	18.1363
32.4162	18.2115
32.3724	18.3014
32.3287	18.3913
32.2849	18.4812
32.2411	18.5712
32.1974	18.6611
32.1536	18.751
32.1099	18.8409
32.0661	18.9308
32.0223	19.0207
31.9786	19.1107
31.9348	19.2006
31.8911	19.2905
31.8473	19.3804
31.8035	19.4703
31.7598	19.5602
31.716	19.6502
31.6723	19.7401
31.6285	19.83
31.5847	19.9199
31.541	20.0098
31.4972	20.0997
31.4535	20.1897
31.4097	20.2796
15.5569	19.1855
15.6568	19.1878
15.7568	19.19
15.8568	19.1923
15.9568	19.1946
16.0567	19.1969
16.1567	19.1992
16.2567	19.2015
16.3567	19.2037
16.4566	19.206
16.5566	19.2083
16.6566	19.2106
16.7566	19.2129
16.8565	19.2152
16.9565	19.2174
17.0565	19.2197
17.1565	19.222
17.2564	19.2243
17.3564	19.2266
17.4564	19.2289
17.5564	19.2311
17.6563	19.2334
17.7563	19.2357
17.8563	19.238
17.9562	19.2403
18.0562	19.2426
18.1562	19.2448
18.2562	19.2471
18.3561	19.2494
18.4561	19.2517
18.4737	19.1616
18.4829	19.062
18.4921	18.9624
18.5013	18.8628
18.5105	18.7633
18.5197	18.6637
18.5289	18.5641
18.5381	18.4645
18.5473	18.365
18.5565	18.2654
18.4605	18.2594
18.3605	18.2571
18.2606	18.2548
18.1606	18.2524
18.0606	18.2501
17.9607	18.2477
17.8607	18.2454
17.7607	18.243
17.6607	18.2407
17.5608	18.2384
17.4608	18.236
17.3608	18.2337
17.2608	18.2313
17.1609	18.229
17.0609	18.2266
16.9609	18.2243
16.861	18.2219
16.761	18.2196
16.661	18.2173
16.561	18.2149
16.4611	18.2126
16.3611	18.2102
16.2611	18.2079
16.1612	18.2055
16.0612	18.2032
15.9612	18.2009
15.8612	18.1985
15.7613	18.1962
15.6613	18.1938
15.5613	18.1915
15.4613	18.1891
15.3891	18.2133
15.3961	18.313
15.4031	18.4128
15.41	18.5125
15.417	18.6123
15.424	18.7121
15.4309	18.8118
15.4379	18.9116
15.4449	19.0113
15.4519	19.1111
15.4873	18.1897
15.5872	18.1921
15.6872	18.1944
15.7872	18.1968
15.8872	18.1991
15.9871	18.2015
16.0871	18.2038
16.1871	18.2061
16.2871	18.2085
16.387	18.2108
16.487	18.2132
16.587	18.2155
16.6869	18.2179
16.7869	18.2202
16.8869	18.2226
16.9869	18.2249
17.0868	18.2272
17.1868	18.2296
17.2868	18.2319
17.3868	18.2343
17.4867	18.2366
17.5867	18.239
17.6867	18.2413
17.7866	18.2436
17.8866	18.246
17.9866	18.2483
18.0866	18.2507
18.1865	18.253
18.2865	18.2554
18.3865	18.2577
18.4864	18.2601
18.579	18.2421
18.654	18.1759
18.729	18.1098
18.8039	18.0436
18.8789	17.9774
18.9539	17.9112
19.0289	17.8451
19.1039	17.7789
19.1788	17.7127
19.2538	17.6466
19.3288	17.5804
19.4038	17.5142
19.4787	17.4481
19.5537	17.3819
19.6287	17.3157
19.7037	17.2495
19.7786	17.1834
19.8211	17.1021
19.8231	17.0022
19.8251	16.9022
19.8271	16.8022
19.8291	16.7022
19.8311	16.6022
19.8331	16.5023
19.8351	16.4023
19.8371	16.3023
19.8391	16.2023
19.8411	16.1023
19.8431	16.0024
19.8451	15.9024
19.8471	15.8024
19.8491	15.7024
19.8511	15.6024
19.8531	15.5025
19.8551	15.4025
19.8571	15.3025
19.8591	15.2025
19.8611	15.1025
19.8631	15.0026
19.8651	14.9026
19.8671	14.8026
19.8691	14.7026
19.8711	14.6026
19.8196	14.5249
19.7473	14.4559
19.6749	14.3869
19.6026	14.3178
19.5302	14.2488
19.4579	14.1798
19.3855	14.1108
19.3132	14.0417
19.2408	13.9727
19.1684	13.9037
19.0961	13.8346
19.0237	13.7656
18.9514	13.6966
18.879	13.6276
18.8067	13.5585
18.717	13.5313
18.617	13.529
18.5171	13.5267
18.4171	13.5244
18.3171	13.522
18.2171	13.5197
18.1172	13.5174
18.0172	13.515
17.9172	13.5127
17.8172	13.5104
17.7173	13.5081
17.6173	13.5057
17.5173	13.5034
17.4174	13.5011
17.3174	13.4987
17.2174	13.4964
17.1174	13.4941
17.0175	13.4917
16.9175	13.4894
16.8175	13.4871
16.7175	13.4848
16.6176	13.4824
16.5176	13.4801
16.4176	13.4778
16.3176	13.4754
16.2177	13.4731
16.1177	13.4708
16.0177	13.4685
15.9178	13.4661
15.8178	13.4638
15.7178	13.4615
15.6178	13.4591
15.5179	13.4568
15.4179	13.4545
15.3179	13.4522
15.2179	13.4498
15.118	13.4475
15.0401	13.5069
14.9643	13.5721
14.8885	13.6373
14.8127	13.7025
14.7369	13.7678
14.6611	13.833
14.5853	13.8982
14.5095	13.9635
14.4337	14.0287
14.3579	14.0939
14.2821	14.1591
14.2063	14.2244
14.1755	14.3103
14.1752	14.4103
14.1749	14.5103
14.1746	14.6103
14.1743	14.7103
14.174	14.8103
14.1737	14.9103
14.1734	15.0103
14.173	15.1103
14.1727	15.2103
14.1724	15.3103
14.1721	15.4103
14.1718	15.5103
14.1715	15.6103
14.1712	15.7103
14.1709	15.8103
14.1706	15.9103
14.1703	16.0103
14.17	16.1103
14.1697	16.2103
14.1693	16.3103
14.169	16.4103
14.1687	16.5103
14.1684	16.6103
14.1681	16.7103
14.1678	16.8103
14.1675	16.9103
14.1672	17.0103
14.1722	17.1079
14.247	17.1743
14.3217	17.2408
14.3965	17.3072
14.4713	17.3736
14.546	17.44
14.6208	17.5064
14.6955	17.5728
14.7703	17.6393
14.8451	17.7057
14.9198	17.7721
14.9946	17.8385
15.0693	17.9049
15.1441	17.9713
15.2189	18.0378
15.2936	18.1042
15.3684	18.1706
18.8121	13.4382
18.8446	13.3436
18.877	13.249
18.9094	13.1544
18.9419	13.0598
18.9743	12.9652
19.0068	12.8706
19.0392	12.7761
19.0716	12.6815
19.1041	12.5869
19.1368	12.4924
19.1756	12.4003
19.2226	12.312
19.2774	12.2284
19.3394	12.15
19.4083	12.0776
19.4834	12.0116
19.5641	11.9526
19.6499	11.9012
19.7399	11.8577
19.8334	11.8225
19.9298	11.7959
20.0282	11.7781
20.1277	11.7691
20.2277	11.7685
20.3277	11.7694
20.4277	11.7703
20.5277	11.7712
20.6277	11.7721
20.7277	11.773
20.8277	11.7739
20.9277	11.7748
21.0277	11.7757
21.1277	11.7766
21.2277	11.7775
21.3277	11.7784
21.4277	11.7793
21.5277	11.7802
21.6277	11.7811
21.7276	11.782
21.8276	11.7829
21.9276	11.7838
22.0276	11.7847
22.1276	11.7856
22.2276	11.7866
22.3276	11.7875
22.4276	11.7884
22.5276	11.7893
22.6276	11.7902
22.7276	11.7911
22.8276	11.792
22.9276	11.7929
23.0276	11.7938
23.1276	11.7947
23.2276	11.7956
23.3276	11.7965
23.3759	11.7415
23.3827	11.6418
23.3896	11.542
23.3964	11.4422
23.4032	11.3425
23.4101	11.2427
23.4169	11.143
23.4238	11.0432
23.4306	10.9434
23.4374	10.8437
23.4443	10.7439
23.4511	10.6441
23.4579	10.5444
23.4648	10.4446
23.4716	10.3448
23.4784	10.2451
23.4853	10.1453
23.4921	10.0455
23.499	9.945799999
23.5058	9.846000001
23.4575	9.7971
23.3575	9.795899998
23.2575	9.7947
23.1575	9.793499999
23.0575	9.792300001
22.9575	9.791099999
22.8576	9.789900001
22.7576	9.788800001
22.6576	9.787599999
22.5576	9.786400001
22.4576	9.7852
22.3576	9.784000002
22.2576	9.7828
22.1576	9.781599998
22.0576	9.780400001
21.9576	9.779199999
21.8576	9.778099999
21.7576	9.776900001
21.6576	9.775699999
21.5576	9.774500001
21.4577	9.7733
21.3577	9.772100002
21.2577	9.7709
21.1577	9.769699998
21.0577	9.7685
20.9577	9.767299999
20.8577	9.766199999
20.7577	9.765000001
20.6577	9.763799999
20.5577	9.762600001
20.4577	9.761399999
20.3577	9.760200001
20.2577	9.759
20.1577	9.757800002
20.0578	9.7566
19.9578	9.7555
19.8578	9.754299998
19.7578	9.7531
19.6578	9.751899999
19.5578	9.750700001
19.4578	9.749499999
19.3578	9.748300001
19.2578	9.747099999
19.1578	9.745900001
19.0578	9.7447
18.9578	9.7436
18.8578	9.742400002
18.7578	9.7412
18.6578	9.739999998
18.5579	9.7388
18.4579	9.737599999
18.3579	9.736400001
18.2579	9.735199999
18.1579	9.734000001
18.0579	9.732900001
17.9579	9.731699999
17.8579	9.730500001
17.7579	9.7293
17.6579	9.728100002
17.5579	9.7269
17.4579	9.725699998
17.3579	9.7247
17.258	9.727000002
17.1582	9.734000001
17.0589	9.745900001
16.9603	9.762400001
16.8626	9.7837
16.7661	9.809599999
16.6708	9.84
16.5771	9.875
16.4853	9.9144
16.3953	9.9582
16.3076	10.0062
16.2223	10.0583
16.1396	10.1145
16.0596	10.1745
15.9826	10.2383
15.9087	10.3057
15.8382	10.3765
15.7711	10.4507
15.7076	10.5279
15.6478	10.6081
15.592	10.6911
15.5402	10.7766
15.4925	10.8645
15.4491	10.9545
15.4101	11.0466
15.3754	11.1404
15.3453	11.2357
15.3198	11.3324
15.2989	11.4302
15.2827	11.5289
15.2713	11.6282
15.2624	11.7278
15.2536	11.8274
15.2447	11.927
15.2358	12.0266
15.2269	12.1262
15.2181	12.2259
15.2092	12.3255
15.2003	12.4251
15.1915	12.5247
15.1826	12.6243
15.1737	12.7239
15.1649	12.8235
15.156	12.9231
15.1471	13.0227
15.1382	13.1223
15.1294	13.2219
15.1205	13.3215
15.1116	13.4211
15.183	13.449
15.283	13.4513
15.3829	13.4537
15.4829	13.456
15.5829	13.4583
15.6829	13.4607
15.7828	13.463
15.8828	13.4653
15.9828	13.4676
16.0828	13.47
16.1827	13.4723
16.2827	13.4746
16.3827	13.477
16.4826	13.4793
16.5826	13.4816
16.6826	13.4839
16.7826	13.4863
16.8825	13.4886
16.9825	13.4909
17.0825	13.4933
17.1825	13.4956
17.2824	13.4979
17.3824	13.5003
17.4824	13.5026
17.5823	13.5049
17.6823	13.5072
17.7823	13.5096
17.8823	13.5119
17.9822	13.5142
18.0822	13.5166
18.1822	13.5189
18.2822	13.5212
18.3821	13.5235
18.4821	13.5259
18.5821	13.5282
18.682	13.5305
19.9202	17.1457
20.0202	17.1448
20.1202	17.1438
20.2202	17.1429
20.3202	17.1419
20.4202	17.141
20.5202	17.14
20.6202	17.139
20.7202	17.1381
20.8202	17.1371
20.9201	17.1362
21.0201	17.1352
21.1201	17.1343
21.2201	17.1333
21.3201	17.1323
21.4201	17.1314
21.5201	17.1304
21.6201	17.1295
21.7201	17.1285
21.8201	17.1276
21.9201	17.1266
22.0201	17.1256
22.1201	17.1247
22.2201	17.1237
22.3201	17.1228
22.4201	17.1218
22.5201	17.1209
22.6201	17.1199
22.7201	17.1189
22.8201	17.118
22.9201	17.117
23.0201	17.1161
23.12	17.1151
23.22	17.1142
23.32	17.1132
23.42	17.1122
23.52	17.1113
23.62	17.1103
23.72	17.1094
23.82	17.1084
23.92	17.1075
24.02	17.1065
24.12	17.1055
24.22	17.1046
24.32	17.1036
24.42	17.1027
24.52	17.1017
24.62	17.1008
24.72	17.0998
24.82	17.0988
24.92	17.0979
25.02	17.0969
25.12	17.096
25.22	17.095
25.2533	17.0268
25.2552	16.9268
25.2571	16.8268
25.259	16.7268
25.2609	16.6268
25.2628	16.5269
25.2647	16.4269
25.2666	16.3269
25.2685	16.2269
25.2704	16.1269
25.2723	16.0269
25.2742	15.927
25.276	15.827
25.2779	15.727
25.2798	15.627
25.2817	15.527
25.2836	15.427
25.2855	15.3271
25.2874	15.2271
25.2893	15.1271
25.2912	15.0271
25.2931	14.9271
25.295	14.8272
25.2969	14.7272
25.2988	14.6272
25.2093	14.6162
25.1093	14.6154
25.0093	14.6146
24.9093	14.6139
24.8093	14.6131
24.7093	14.6123
24.6093	14.6115
24.5093	14.6107
24.4093	14.61
24.3093	14.6092
24.2093	14.6084
24.1093	14.6076
24.0093	14.6068
23.9093	14.6061
23.8093	14.6053
23.7093	14.6045
23.6093	14.6037
23.5093	14.603
23.4094	14.6022
23.3094	14.6014
23.2094	14.6006
23.1094	14.5998
23.0094	14.5991
22.9094	14.5983
22.8094	14.5975
22.7094	14.5967
22.6094	14.5959
22.5094	14.5952
22.4094	14.5944
22.3094	14.5936
22.2094	14.5928
22.1094	14.592
22.0094	14.5913
21.9094	14.5905
21.8094	14.5897
21.7094	14.5889
21.6094	14.5881
21.5094	14.5874
21.4094	14.5866
21.3094	14.5858
21.2094	14.585
21.1094	14.5842
21.0094	14.5835
20.9094	14.5827
20.8094	14.5819
20.7094	14.5811
20.6094	14.5803
20.5094	14.5796
20.4094	14.5788
20.3094	14.578
20.2094	14.5772
20.1095	14.5765
20.0095	14.5757
19.9095	14.5749
19.8705	14.6368
19.8685	14.7368
19.8665	14.8368
19.8644	14.9368
19.8624	15.0367
19.8604	15.1367
19.8584	15.2367
19.8564	15.3367
19.8544	15.4367
19.8524	15.5366
19.8504	15.6366
19.8484	15.7366
19.8464	15.8366
19.8444	15.9366
19.8424	16.0365
19.8404	16.1365
19.8384	16.2365
19.8364	16.3365
19.8344	16.4365
19.8324	16.5364
19.8304	16.6364
19.8284	16.7364
19.8264	16.8364
19.8244	16.9364
19.8224	17.0363
19.8204	17.1363
23.3725	11.8969
23.3729	11.9969
23.3734	12.0969
23.3738	12.1969
23.3749	12.2969
23.3804	12.3967
23.3908	12.4962
23.406	12.595
23.4262	12.6929
23.4511	12.7898
23.4807	12.8853
23.5151	12.9792
23.554	13.0713
23.5974	13.1614
23.6452	13.2492
23.6972	13.3345
23.7535	13.4172
23.8137	13.4971
23.8777	13.5738
23.9455	13.6474
24.0168	13.7174
24.0915	13.7839
24.1694	13.8467
24.2502	13.9055
24.3339	13.9602
24.4202	14.0108
24.5088	14.0571
24.5996	14.0989
24.6924	14.1362
24.7869	14.1689
24.8829	14.1969
24.9804	14.2168
25.0804	14.2137
25.1803	14.2106
25.2803	14.2075
25.3802	14.2044
25.4802	14.2013
25.5801	14.1982
25.6801	14.1951
25.7801	14.192
25.88	14.1889
25.98	14.1858
26.0799	14.1827
26.1799	14.1796
26.2798	14.1765
26.3798	14.1734
26.4797	14.1703
26.5797	14.1672
26.6796	14.1641
26.7796	14.161
26.8795	14.1579
26.9795	14.1548
27.0794	14.1517
27.1794	14.1486
27.2793	14.1455
27.3793	14.1424
27.4792	14.1393
27.5792	14.1361
27.6791	14.133
27.7791	14.1299
27.879	14.1268
27.979	14.1237
28.0789	14.1206
28.1789	14.1175
28.2789	14.1144
28.3788	14.1109
28.4784	14.1024
28.5773	14.0878
28.6751	14.067
28.7715	14.0403
28.866	14.0077
28.9583	13.9692
29.048	13.9252
29.1349	13.8756
29.2185	13.8208
29.2986	13.761
29.3748	13.6962
29.4469	13.6269
29.5145	13.5533
29.5775	13.4756
29.6355	13.3942
29.6884	13.3094
29.7359	13.2214
29.778	13.1307
29.8143	13.0375
29.8448	12.9423
29.8693	12.8454
29.8878	12.7471
29.9002	12.6479
29.9067	12.5482
29.904	12.4483
29.8974	12.3485
29.8869	12.2491
29.8726	12.1501
29.8543	12.0518
29.8323	11.9542
29.8065	11.8576
29.777	11.7621
29.7437	11.6678
29.7068	11.5749
29.6663	11.4834
29.6223	11.3937
29.5748	11.3057
29.5239	11.2196
29.4697	11.1355
29.4123	11.0537
29.3517	10.9741
29.2881	10.897
29.2215	10.8224
29.1521	10.7504
29.0799	10.6812
29.0051	10.6149
28.9277	10.5516
28.8479	10.4913
28.7659	10.4341
28.6817	10.3802
28.5954	10.3296
28.5073	10.2825
28.4173	10.2387
28.3258	10.1986
28.2327	10.162
28.1383	10.1291
28.0426	10.0998
27.9459	10.0744
27.8483	10.0527
27.7499	10.0348
27.6509	10.0208
27.5515	10.0107
27.4517	10.0043
27.3518	9.999000002
27.2519	9.993799999
27.1521	9.988600001
27.0522	9.9833
26.9524	9.978100002
26.8525	9.972899999
26.7526	9.967700001
26.6528	9.962400001
26.5529	9.957199998
26.453	9.952
26.3532	9.946699999
26.2533	9.941500001
26.1535	9.936299998
26.0536	9.931000002
25.9537	9.925799999
25.8539	9.920600001
25.754	9.9153
25.6541	9.910100002
25.5543	9.904899999
25.4544	9.899599999
25.3545	9.894400001
25.2547	9.889199998
25.1548	9.883900002
25.055	9.878699999
24.9551	9.873500001
24.8552	9.8682
24.7554	9.863000002
24.6555	9.857799999
24.5556	9.852499999
24.4558	9.8473
24.3559	9.842099998
24.2561	9.836800002
24.1562	9.831599999
24.0563	9.826400001
23.9565	9.8211
23.8566	9.815900002
23.7567	9.810699999
23.6569	9.805399999
23.557	9.8002
23.5055	9.849599998
23.4987	9.9494
23.4919	10.0491
23.485	10.1489
23.4782	10.2487
23.4714	10.3484
23.4645	10.4482
23.4577	10.548
23.4508	10.6477
23.444	10.7475
23.4372	10.8473
23.4303	10.947
23.4235	11.0468
23.4167	11.1466
23.4098	11.2463
23.403	11.3461
23.3962	11.4459
23.3893	11.5456
23.3825	11.6454
23.3756	11.7452
25.3381	17.1456
25.4242	17.1965
25.5103	17.2473
25.5964	17.2982
25.6824	17.3491
25.7685	17.4
25.8546	17.4509
25.9407	17.5017
26.0268	17.5526
26.1129	17.6035
26.199	17.6544
26.2851	17.7052
26.3712	17.7561
26.4572	17.807
26.5433	17.8579
26.6294	17.9088
26.7155	17.9596
26.8016	18.0105
26.8877	18.0614
26.9738	18.1123
27.0599	18.1632
27.146	18.214
27.232	18.2649
27.3181	18.3158
27.4042	18.3667
27.4903	18.4176
27.5764	18.4684
27.6625	18.5193
27.7486	18.5702
27.8347	18.6211
27.9208	18.672
28.0068	18.7228
28.0924	18.7347
28.1772	18.6817
28.262	18.6286
28.3468	18.5756
28.4316	18.5226
28.5164	18.4696
28.6012	18.4166
28.686	18.3635
28.7707	18.3105
28.8555	18.2575
28.9403	18.2045
29.0251	18.1514
29.1099	18.0984
29.1947	18.0454
29.2795	17.9924
29.3642	17.9394
29.449	17.8863
29.5338	17.8333
29.6186	17.7803
29.7034	17.7273
29.7882	17.6743
29.873	17.6212
29.9577	17.5682
30.0425	17.5152
30.1273	17.4622
30.2121	17.4091
30.2969	17.3561
30.3817	17.3031
30.4665	17.2501
30.4811	17.1579
30.4818	17.0579
30.4825	16.9579
30.4832	16.8579
30.4839	16.7579
30.4846	16.6579
30.4853	16.5579
30.486	16.4579
30.4867	16.3579
30.4874	16.2579
30.4882	16.1579
30.4889	16.0579
30.4896	15.9579
30.4903	15.8579
30.491	15.7579
30.4917	15.6579
30.4924	15.5579
30.4931	15.4579
30.4938	15.3579
30.4945	15.2579
30.4952	15.1579
30.4959	15.0579
30.4966	14.9579
30.4973	14.8579
30.498	14.7579
30.4988	14.6579
30.4995	14.5579
30.5002	14.4579
30.4193	14.4418
30.3193	14.4452
30.2194	14.4486
30.1194	14.452
30.0195	14.4554
29.9196	14.4589
29.8196	14.4623
29.7197	14.4657
29.6197	14.4691
29.5198	14.4725
29.4199	14.476
29.3199	14.4794
29.22	14.4828
29.12	14.4862
29.0201	14.4896
28.9202	14.493
28.8202	14.4965
28.7203	14.4999
28.6203	14.5033
28.5204	14.5067
28.4204	14.5101
28.3205	14.5136
28.2206	14.517
28.1206	14.5204
28.0207	14.5238
27.9207	14.5272
27.8208	14.5306
27.7209	14.5341
27.6209	14.5375
27.521	14.5409
27.421	14.5443
27.3211	14.5477
27.2211	14.5512
27.1212	14.5546
27.0213	14.558
26.9213	14.5614
26.8214	14.5648
26.7214	14.5682
26.6215	14.5717
26.5216	14.5751
26.4216	14.5785
26.3217	14.5819
26.2217	14.5853
26.1218	14.5888
26.0218	14.5922
25.9219	14.5956
25.822	14.599
25.722	14.6024
25.6221	14.6058
25.5221	14.6093
25.4222	14.6127
25.3223	14.6161
25.2975	14.6936
25.2956	14.7936
25.2938	14.8936
25.2919	14.9936
25.29	15.0935
25.2881	15.1935
25.2862	15.2935
25.2843	15.3935
25.2824	15.4935
25.2805	15.5935
25.2786	15.6934
25.2767	15.7934
25.2748	15.8934
25.2729	15.9934
25.271	16.0934
25.2691	16.1933
25.2672	16.2933
25.2653	16.3933
25.2634	16.4933
25.2615	16.5933
25.2596	16.6933
25.2577	16.7932
25.2558	16.8932
25.2539	16.9932
25.252	17.0932
28.1506	18.7981
28.2407	18.8416
28.3307	18.8851
28.4207	18.9287
28.5108	18.9722
28.6008	19.0157
28.6909	19.0592
28.7809	19.1027
28.8709	19.1462
28.961	19.1897
29.051	19.2333
29.141	19.2768
29.2311	19.3203
29.3211	19.3638
29.4111	19.4073
29.5012	19.4508
29.5912	19.4944
29.6812	19.5379
29.7713	19.5814
29.8613	19.6249
29.9514	19.6684
30.0414	19.7119
30.1314	19.7554
30.2215	19.799
30.3115	19.8425
30.4015	19.886
30.4916	19.9295
30.5816	19.973
30.6716	20.0165
30.7617	20.06
30.8517	20.1036
30.9417	20.1471
31.0318	20.1906
31.1218	20.2341
31.2119	20.2776
31.3019	20.3211
31.3821	20.3363
31.4259	20.2464
31.4696	20.1565
31.5134	20.0665
31.5571	19.9766
31.6009	19.8867
31.6447	19.7968
31.6884	19.7069
31.7322	19.617
31.7759	19.527
31.8197	19.4371
31.8635	19.3472
31.9072	19.2573
31.951	19.1674
31.9947	19.0775
32.0385	18.9875
32.0823	18.8976
32.126	18.8077
32.1698	18.7178
32.2135	18.6279
32.2573	18.538
32.3011	18.448
32.3448	18.3581
32.3886	18.2682
32.4151	18.1842
32.3252	18.1404
32.2353	18.0966
32.1454	18.0528
32.0555	18.009
31.9656	17.9652
31.8758	17.9214
31.7859	17.8775
31.696	17.8337
31.6061	17.7899
31.5162	17.7461
31.4263	17.7023
31.3364	17.6585
31.2465	17.6147
31.1566	17.5709
31.0667	17.527
30.9768	17.4832
30.887	17.4394
30.7971	17.3956
30.7072	17.3518
30.6173	17.308
30.5274	17.2642
30.4399	17.2667
30.3552	17.3197
30.2704	17.3727
30.1856	17.4257
30.1008	17.4787
30.016	17.5318
29.9312	17.5848
29.8464	17.6378
29.7617	17.6908
29.6769	17.7439
29.5921	17.7969
29.5073	17.8499
29.4225	17.9029
29.3377	17.9559
29.2529	18.009
29.1681	18.062
29.0834	18.115
28.9986	18.168
28.9138	18.2211
28.829	18.2741
28.7442	18.3271
28.6594	18.3801
28.5746	18.4331
28.4899	18.4862
28.4051	18.5392
28.3203	18.5922
28.2355	18.6452
28.1507	18.6982
28.0659	18.7513
30.4996	14.539
30.4989	14.639
30.4982	14.739
30.4975	14.839
30.4968	14.939
30.4961	15.039
30.4954	15.139
30.4946	15.239
30.4939	15.339
30.4932	15.439
30.4925	15.539
30.4918	15.639
30.4911	15.739
30.4904	15.839
30.4897	15.939
30.489	16.039
30.4883	16.139
30.4876	16.239
30.4869	16.339
30.4862	16.439
30.4855	16.5389
30.4848	16.6389
30.484	16.7389
30.4833	16.8389
30.4826	16.9389
30.4819	17.0389
30.4812	17.1389
30.4805	17.2389
30.578	17.237
30.6779	17.2326
30.7778	17.2281
30.8777	17.2237
30.9776	17.2193
31.0775	17.2149
31.1774	17.2105
31.2773	17.206
31.3773	17.2016
31.4772	17.1972
31.5771	17.1928
31.677	17.1883
31.7769	17.1839
31.8768	17.1795
31.9767	17.1751
32.0766	17.1707
32.1765	17.1662
32.2764	17.1618
32.3763	17.1574
32.4762	17.153
32.5761	17.1485
32.676	17.1441
32.7759	17.1397
32.8758	17.1353
32.9757	17.1309
33.0756	17.1264
33.1755	17.122
33.2754	17.1176
33.3753	17.1132
33.4752	17.1087
33.5751	17.1043
33.675	17.0999
33.7067	17.0201
33.7211	16.9212
33.7354	16.8222
33.7498	16.7232
33.7641	16.6243
33.7784	16.5253
33.7928	16.4263
33.8071	16.3274
33.8215	16.2284
33.8358	16.1294
33.8502	16.0305
33.8645	15.9315
33.8789	15.8326
33.8932	15.7336
33.9075	15.6346
33.9219	15.5357
33.9071	15.4532
33.8149	15.4143
33.7228	15.3755
33.6306	15.3366
33.5385	15.2978
33.4463	15.2589
33.3542	15.2201
33.262	15.1813
33.1699	15.1424
33.0777	15.1036
32.9856	15.0647
32.8934	15.0259
32.8013	14.9871
32.7091	14.9482
32.617	14.9094
32.5248	14.8705
32.4327	14.8317
32.3405	14.7928
32.247	14.7585
32.1487	14.7405
32.0503	14.7225
31.9519	14.7045
31.8536	14.6865
31.7552	14.6685
31.6568	14.6506
31.5585	14.6326
31.4601	14.6146
31.3617	14.5966
31.2634	14.5786
31.165	14.5606
31.0666	14.5426
30.9683	14.5246
30.8699	14.5066
30.7715	14.4886
30.6732	14.4706
30.5748	14.4526
4.658599999	19.8963
4.717900001	19.9768
4.7773	20.0573
4.844700001	20.1308
4.9278	20.1859
5.021299999	20.2211
5.1164	20.2522
5.211399999	20.2832
5.306499999	20.3142
5.4016	20.3453
5.5002	20.354
5.600200001	20.3547
5.700199999	20.3553
5.8002	20.3559
5.900199998	20.3565
6.0002	20.3571
6.100200001	20.3577
6.200199999	20.3583
6.3002	20.3589
6.400199998	20.3595
6.5002	20.3602
6.600200001	20.3608
6.700199999	20.3614
6.8002	20.362
6.900199998	20.3626
7.0002	20.3632
7.100200001	20.3638
7.200199999	20.3644
7.3002	20.365
7.400199998	20.3656
7.5002	20.3663
7.600200001	20.3669
7.700199999	20.3675
7.8002	20.3681
7.900199998	20.3687
8.0002	20.3693
8.100200001	20.3699
8.200199999	20.3705
8.3002	20.3711
8.400199998	20.3718
8.5002	20.3724
8.600200001	20.373
8.700199999	20.3717
8.800099999	20.3675
8.899300002	20.3552
8.9967	20.3329
9.091400001	20.3009
9.182300001	20.2594
9.268599998	20.209
9.349399999	20.1501
9.423799999	20.0833
9.491	20.0093
9.5504	19.929
9.601399999	19.843
9.643399999	19.7523
9.675999999	19.6578
9.698800001	19.5605
9.711800002	19.4613
9.714699998	19.3614
9.714200001	19.2614
9.7137	19.1614
9.713100001	19.0614
9.7126	18.9614
9.712099999	18.8614
9.710900001	18.7614
9.709100001	18.6615
9.7073	18.5615
9.705499999	18.4615
9.703699999	18.3615
9.7018	18.2615
9.699999999	18.1615
9.698199999	18.0616
9.696400002	17.9616
9.694499999	17.8616
9.692699999	17.7616
9.690900002	17.6616
9.689100001	17.5616
9.6873	17.4617
9.685400002	17.3617
9.683600001	17.2617
9.6818	17.1617
9.6811	17.0617
9.681000002	16.9617
9.681000002	16.8617
9.6809	16.7617
9.6809	16.6617
9.680799998	16.5617
9.680799998	16.4617
9.6807	16.3617
9.6807	16.2617
9.680599999	16.1617
9.680599999	16.0617
9.680500001	15.9617
9.680500001	15.8617
9.680399999	15.7617
9.680399999	15.6617
9.680300001	15.5617
9.680199999	15.4617
9.680199999	15.3617
9.680100001	15.2617
9.680100001	15.1617
9.68	15.0617
9.68	14.9617
9.679900002	14.8617
9.679900002	14.7617
9.6798	14.6617
9.6798	14.5617
9.679699998	14.4617
9.6798	14.3617
9.680199999	14.2617
9.680500001	14.1617
9.6809	14.0617
9.681299999	13.9617
9.678100001	13.8618
9.670200001	13.7622
9.662300002	13.6625
9.654399998	13.5628
9.645100001	13.4632
9.634500001	13.3638
9.6239	13.2644
9.613299999	13.1649
9.602699999	13.0655
9.589400001	12.9665
9.566100001	12.8693
9.542800002	12.772
9.519499999	12.6748
9.496300001	12.5775
9.473000001	12.4802
9.446400002	12.3839
9.412799999	12.2897
9.3726	12.1982
9.325800002	12.1098
9.272700001	12.0251
9.213599999	11.9445
9.148800001	11.8683
9.078699999	11.797
9.003600001	11.731
8.923900001	11.6707
8.840100002	11.6162
8.752500001	11.568
8.661600001	11.5263
8.568	11.4912
8.472100001	11.463
8.374400001	11.4419
8.275400002	11.4279
8.1756	11.4211
8.0757	11.4179
7.975699998	11.4147
7.875799999	11.4116
7.775800001	11.4084
7.675900001	11.4052
7.5759	11.4069
7.476	11.41
7.375999998	11.4131
7.276099999	11.4162
7.176100001	11.4193
7.076200001	11.4224
6.976199999	11.4255
6.8763	11.4287
6.776299998	11.4318
6.6765	11.4371
6.577	11.4469
6.478	11.461
6.379700001	11.4795
6.282000002	11.5007
6.184300002	11.522
6.0865	11.5432
5.9888	11.5645
5.891100001	11.5857
5.795299999	11.6137
5.707600001	11.6615
5.623500001	11.7156
5.5394	11.7697
5.4553	11.8238
5.371199999	11.8779
5.293699998	11.9407
5.230099998	12.0178
5.1686	12.0967
5.1072	12.1756
5.045699999	12.2544
4.9844	12.3335
4.931600001	12.4182
4.892299999	12.5101
4.857999999	12.604
4.823600002	12.6979
4.789299998	12.7919
4.754999999	12.8858
4.720600002	12.9797
4.686299998	13.0736
4.652600002	13.1678
4.626800001	13.2643
4.611099999	13.3631
4.603100002	13.4627
4.595400002	13.5624
4.5878	13.6621
4.5801	13.7618
4.5724	13.8615
4.564800002	13.9613
4.557100002	14.061
4.5495	14.1607
4.5418	14.2604
4.534400001	14.3601
4.534899998	14.4601
4.535399999	14.5601
4.535799999	14.6601
4.5363	14.7601
4.536800001	14.8601
4.537300002	14.9601
4.537700001	15.0601
4.538199998	15.1601
4.538699999	15.2601
4.5392	15.3601
4.5396	15.4601
4.540100001	15.5601
4.540600002	15.6601
4.541099999	15.7601
4.541499998	15.8601
4.541999999	15.9601
4.5425	16.0601
4.543000001	16.1601
4.543400001	16.2601
4.543900002	16.3601
4.544399999	16.4601
4.5449	16.5601
4.545299999	16.6601
4.5458	16.7601
4.546300001	16.8601
4.546799999	16.9601
4.5473	17.0601
4.547699999	17.1601
4.5482	17.2601
4.548700001	17.3601
4.549199998	17.4601
4.549600001	17.5601
4.550099999	17.6601
4.5506	17.7601
4.551100001	17.8601
4.5506	17.96
4.5493	18.06
4.547899999	18.16
4.546500001	18.26
4.545200001	18.36
4.5438	18.46
4.542399999	18.56
4.541099999	18.66
4.539700001	18.76
4.5383	18.86
4.537	18.96
4.535599999	19.0599
4.534299999	19.1599
4.532900002	19.2599
4.531500001	19.3599
4.537500001	19.4593
4.5546	19.5579
4.571699999	19.6564
4.5887	19.7549
33.7939	17.1154
33.8926	17.1318
33.9912	17.1482
34.0899	17.1646
34.1885	17.1809
34.2872	17.1973
34.3858	17.2137
34.4845	17.2301
34.5831	17.2465
34.6818	17.2629
34.7804	17.2793
34.8791	17.2957
34.9777	17.3121
35.0764	17.3285
35.175	17.3448
35.2737	17.3612
35.3723	17.3776
35.471	17.394
35.5696	17.4104
35.6683	17.4268
35.7669	17.4432
35.8656	17.4596
35.9642	17.476
36.0628	17.4923
36.1615	17.5087
36.2601	17.5251
36.3588	17.5415
36.4574	17.5579
36.5561	17.5743
36.6547	17.5907
36.7534	17.6071
36.852	17.6235
36.9507	17.6399
37.0493	17.6562
37.148	17.6726
37.2466	17.689
37.3453	17.7054
37.4218	17.6879
37.4466	17.591
37.4715	17.4942
37.4963	17.3973
37.5211	17.3004
37.5459	17.2036
37.5707	17.1067
37.5955	17.0098
37.6203	16.9129
37.6452	16.8161
37.67	16.7192
37.6948	16.6223
37.7196	16.5254
37.7444	16.4286
37.7692	16.3317
37.794	16.2348
37.8188	16.138
37.8437	16.0411
37.8676	15.9448
37.7683	15.9327
37.6691	15.9205
37.5698	15.9084
37.4706	15.8963
37.3713	15.8842
37.272	15.872
37.1728	15.8599
37.0735	15.8478
36.9742	15.8356
36.875	15.8235
36.7757	15.8114
36.6765	15.7992
36.5772	15.7871
36.4779	15.775
36.3787	15.7628
36.2794	15.7507
36.1802	15.7386
36.0809	15.7264
35.9816	15.7143
35.8824	15.7022
35.7831	15.69
35.6838	15.6779
35.5846	15.6658
35.4853	15.6536
35.3861	15.6415
35.2868	15.6294
35.1875	15.6172
35.0883	15.6051
34.989	15.593
34.8898	15.5808
34.7905	15.5687
34.6912	15.5566
34.592	15.5444
34.4927	15.5323
34.3935	15.5202
34.2942	15.508
34.1949	15.4959
34.0957	15.4838
33.9964	15.4716
33.9272	15.4988
33.9129	15.5978
33.8985	15.6968
33.8842	15.7957
33.8698	15.8947
33.8555	15.9937
33.8412	16.0926
33.8268	16.1916
33.8125	16.2906
33.7981	16.3895
33.7838	16.4885
33.7694	16.5875
33.7551	16.6864
33.7408	16.7854
33.7264	16.8844
33.7121	16.9833
33.6977	17.0823
38.9163	18.7228
39.0058	18.7675
39.0952	18.8122
39.1847	18.8569
39.2741	18.9016
39.3636	18.9464
39.4531	18.9909
39.5485	19.0209
39.6439	19.0509
39.7393	19.081
39.8347	19.111
39.93	19.141
40.0254	19.171
40.1208	19.201
40.2162	19.231
40.3146	19.2489
40.413	19.2666
40.5114	19.2844
40.6098	19.3021
40.7082	19.3199
40.8067	19.3377
40.9051	19.3554
41.0035	19.3732
41.1019	19.3909
41.2006	19.407
41.2997	19.4197
41.3989	19.4324
41.4981	19.4451
41.5973	19.4578
41.6965	19.4705
41.7957	19.4832
41.8949	19.4959
41.9941	19.5086
42.0933	19.5213
42.1925	19.534
42.2917	19.5467
42.3908	19.5594
42.49	19.5721
42.5892	19.5848
42.6884	19.5975
42.7876	19.6102
42.8868	19.6229
42.9863	19.6299
43.0862	19.6267
43.1862	19.6236
43.2861	19.6204
43.3861	19.6173
43.486	19.6141
43.586	19.611
43.6859	19.6079
43.7859	19.6047
43.8858	19.6016
43.9858	19.5984
44.0857	19.5953
44.1857	19.5921
44.2856	19.589
44.3856	19.5858
44.4855	19.5827
44.5855	19.5796
44.6854	19.5764
44.7854	19.5733
44.8853	19.5701
44.9853	19.567
45.0852	19.5638
45.1852	19.5604
45.2851	19.5566
45.385	19.5527
45.4849	19.5489
45.5849	19.5451
45.6848	19.5412
45.7847	19.5374
45.8846	19.5335
45.9846	19.5297
46.0845	19.5258
46.1844	19.522
46.2844	19.5181
46.3843	19.5143
46.4842	19.5104
46.5841	19.5066
46.6841	19.5028
46.784	19.4989
46.8839	19.4951
46.9838	19.4912
47.0838	19.4874
47.1837	19.4835
47.2836	19.4797
47.3835	19.4758
47.4835	19.472
47.5834	19.4681
47.6833	19.4643
47.7832	19.4604
47.8832	19.4566
47.9831	19.4528
48.083	19.4489
48.1829	19.4451
48.2829	19.4412
48.3828	19.4374
48.4827	19.4346
48.5827	19.4338
48.6827	19.4329
48.7827	19.4321
48.8827	19.4312
48.9827	19.4304
49.0827	19.4295
49.1827	19.4287
49.2827	19.4279
49.3827	19.427
49.4827	19.4262
49.5827	19.4253
49.6827	19.4245
49.7827	19.4236
49.8827	19.4228
49.9827	19.422
50.0827	19.4211
50.1827	19.4203
50.2827	19.4194
50.3827	19.4186
50.4827	19.4177
50.5827	19.4169
50.6827	19.4161
50.7827	19.4152
50.8827	19.4144
50.9827	19.4135
51.0827	19.4127
51.1827	19.4118
51.2827	19.411
51.3826	19.4102
51.4826	19.4093
51.5826	19.4085
51.6826	19.4076
51.7826	19.4074
51.8826	19.4084
51.9826	19.4093
52.0826	19.4102
52.1826	19.4111
52.2826	19.412
52.3826	19.4129
52.4826	19.4139
52.5826	19.4148
52.6826	19.4157
52.7826	19.4166
52.8826	19.4175
52.9826	19.4184
53.0826	19.4194
53.1826	19.4203
53.2826	19.4212
53.3824	19.4247
53.4821	19.4335
53.5817	19.4423
53.6813	19.4511
53.7809	19.4599
53.8805	19.4687
53.9801	19.4775
54.0797	19.4863
54.1793	19.4951
54.279	19.5038
54.3786	19.5126
54.4777	19.5246
54.5759	19.5435
54.6741	19.5624
54.7723	19.5813
54.8705	19.6002
54.9687	19.6191
55.0669	19.638
55.1651	19.6569
55.2627	19.6784
55.359	19.7053
55.4553	19.7322
55.5516	19.7591
55.6479	19.7861
55.7442	19.813
55.8405	19.8399
55.9369	19.8669
56.0332	19.8938
56.1295	19.9207
56.2258	19.9476
56.3221	19.9746
56.419	19.999
56.5172	20.0176
56.6155	20.0362
56.7137	20.0547
56.812	20.0733
56.9103	20.0919
57.0085	20.1105
57.1068	20.1291
57.205	20.1476
57.3033	20.1662
57.4016	20.1848
57.5004	20.1988
57.6002	20.2043
57.7001	20.2098
57.7999	20.2152
57.8998	20.2207
57.9996	20.2262
58.0995	20.2317
58.1993	20.2371
58.2992	20.2426
58.399	20.2481
58.4989	20.2536
58.5987	20.259
58.6986	20.2645
58.7984	20.27
58.8983	20.2755
58.9354	20.2111
58.9408	20.1112
58.9461	20.0114
58.9515	19.9115
58.9568	19.8116
58.9621	19.7118
58.9675	19.6119
58.9728	19.5121
58.9782	19.4122
58.9835	19.3124
58.9889	19.2125
58.9942	19.1126
58.9995	19.0128
59.0049	18.9129
59.0102	18.8131
59.0156	18.7132
59.0209	18.6134
59.0262	18.5135
59.0316	18.4136
59.0369	18.3138
59.0423	18.2139
59.0476	18.1141
59.053	18.0142
59.0583	17.9144
59.0636	17.8145
59.069	17.7146
59.0743	17.6148
59.0797	17.5149
59.085	17.4151
59.0903	17.3152
59.0957	17.2154
59.101	17.1155
59.1064	17.0156
59.1117	16.9158
59.117	16.8159
59.1224	16.7161
59.0345	16.7049
58.9345	16.7053
58.8345	16.7057
58.7345	16.7061
58.6345	16.7065
58.5345	16.7069
58.4345	16.7073
58.3345	16.7076
58.2345	16.708
58.1345	16.7084
58.0345	16.7088
57.9356	16.7195
57.8377	16.7401
57.7399	16.7607
57.642	16.7813
57.5442	16.8019
57.4463	16.8225
57.3484	16.843
57.2506	16.8636
57.1538	16.8884
57.0578	16.9163
56.9618	16.9443
56.8657	16.9723
56.7697	17.0002
56.6737	17.0282
56.5777	17.0561
56.4817	17.0841
56.3857	17.1121
56.2897	17.14
56.1937	17.168
56.0957	17.1861
55.9962	17.1962
55.8968	17.2064
55.7973	17.2166
55.6978	17.2267
55.5983	17.2369
55.4988	17.2471
55.3993	17.2573
55.2999	17.2674
55.2004	17.2776
55.1009	17.2878
55.0014	17.2979
54.9019	17.3081
54.8023	17.3159
54.7024	17.3217
54.6026	17.3275
54.5028	17.3333
54.4029	17.339
54.3031	17.3448
54.2033	17.3506
54.1034	17.3564
54.0036	17.3622
53.9038	17.3679
53.8039	17.3737
53.7041	17.3795
53.6043	17.3853
53.5044	17.3911
53.4046	17.3968
53.3048	17.4026
53.2049	17.4084
53.1051	17.4142
53.0053	17.42
52.9054	17.4257
52.8055	17.4291
52.7055	17.4303
52.6055	17.4316
52.5055	17.4328
52.4056	17.434
52.3056	17.4353
52.2056	17.4365
52.1056	17.4378
52.0056	17.439
51.9056	17.4402
51.8056	17.4415
51.7056	17.4427
51.6056	17.444
51.5056	17.4452
51.4056	17.4465
51.3056	17.4477
51.2056	17.4489
51.1057	17.4502
51.0057	17.4514
50.9057	17.4527
50.8057	17.4539
50.7057	17.4551
50.6057	17.4564
50.5057	17.4576
50.4057	17.4589
50.3057	17.4601
50.2057	17.4614
50.1057	17.4626
50.0057	17.4638
49.9057	17.4651
49.8058	17.4663
49.7058	17.4672
49.6058	17.4677
49.5058	17.4682
49.4058	17.4687
49.3058	17.4692
49.2058	17.4697
49.1058	17.4702
49.0058	17.4708
48.9058	17.4713
48.8058	17.4718
48.7058	17.4723
48.6058	17.4728
48.5058	17.4733
48.4058	17.4738
48.3058	17.4743
48.2058	17.4749
48.1058	17.4754
48.0058	17.4759
47.9058	17.4764
47.8058	17.4769
47.7058	17.4774
47.6058	17.4779
47.5058	17.4784
47.4058	17.479
47.3059	17.476
47.2061	17.4701
47.1062	17.4642
47.0064	17.4583
46.9066	17.4523
46.8068	17.4464
46.7069	17.4405
46.6071	17.4346
46.5073	17.4286
46.4075	17.4227
46.3076	17.4168
46.2078	17.4109
46.108	17.405
46.0082	17.399
45.9083	17.3931
45.8085	17.3872
45.7091	17.3768
45.6102	17.3625
45.5112	17.3482
45.4122	17.3338
45.3133	17.3195
45.2143	17.3052
45.1153	17.2909
45.0164	17.2766
44.9174	17.2622
44.8184	17.2479
44.7195	17.2336
44.6205	17.2193
44.5215	17.205
44.4226	17.1906
44.3236	17.1763
44.2246	17.162
44.1256	17.1477
44.0275	17.129
43.93	17.1066
43.8326	17.0841
43.7351	17.0616
43.6377	17.0392
43.5403	17.0167
43.4428	16.9943
43.3454	16.9718
43.2479	16.9493
43.1505	16.9269
43.053	16.9044
42.9556	16.8819
42.8582	16.8595
42.7607	16.837
42.6633	16.8145
42.5658	16.7921
42.4684	16.7696
42.3709	16.7471
42.2735	16.7247
42.176	16.7022
42.0786	16.6797
41.9812	16.6573
41.8836	16.6353
41.7858	16.6145
41.688	16.5937
41.5902	16.5729
41.4924	16.5521
41.3945	16.5313
41.2967	16.5105
41.1989	16.4897
41.1011	16.4689
41.0033	16.4481
40.9055	16.4273
40.8077	16.4066
40.7098	16.3858
40.612	16.365
40.5142	16.3442
40.4164	16.3234
40.3186	16.3026
40.2208	16.2818
40.1229	16.261
40.0251	16.2402
39.9273	16.2194
39.8295	16.1986
39.7314	16.1795
39.6322	16.167
39.533	16.1545
39.4338	16.142
39.3345	16.1295
39.2353	16.117
39.1361	16.1045
39.0369	16.092
38.9377	16.0795
38.8385	16.067
38.7392	16.0546
38.64	16.0421
38.5408	16.0296
38.4416	16.0171
38.3424	16.0046
38.2432	15.9921
38.1439	15.9796
38.0447	15.9671
37.9455	15.9546
37.8628	15.9664
37.838	16.0633
37.8132	16.1601
37.7884	16.257
37.7635	16.3539
37.7387	16.4507
37.7139	16.5476
37.6891	16.6445
37.6643	16.7414
37.6395	16.8382
37.6147	16.9351
37.5898	17.032
37.565	17.1289
37.5402	17.2257
37.5154	17.3226
37.4906	17.4195
37.4658	17.5163
37.441	17.6132
37.4161	17.7101
37.4913	17.7692
37.5739	17.8255
37.6566	17.8817
37.7393	17.938
37.822	17.9942
37.9046	18.0505
37.9873	18.1068
38.07	18.163
38.1526	18.2193
38.2353	18.2755
38.318	18.3318
38.4007	18.3881
38.4833	18.4443
38.566	18.5006
38.6487	18.5568
38.7314	18.6131
38.814	18.6693
64.2419	21.3148
64.2788	21.2223
64.3407	21.1441
64.4222	21.0869
64.5168	21.0554
64.6165	21.0501
64.7165	21.0502
64.8165	21.0503
64.9165	21.0505
65.0165	21.0506
65.1165	21.0508
65.2165	21.0509
65.3112	21.0287
65.4005	20.9838
65.4899	20.939
65.5793	20.8941
65.6206	20.8039
65.66	20.712
65.6994	20.6201
65.7269	20.5259
65.7257	20.4259
65.7244	20.3259
65.7232	20.2259
65.7219	20.1259
65.7207	20.0259
65.7194	19.9259
65.7181	19.8259
65.7169	19.7259
65.7156	19.6259
65.7144	19.5259
65.7131	19.426
65.7119	19.326
65.7106	19.226
65.7094	19.126
65.7081	19.026
65.7072	18.926
65.7084	18.826
65.7097	18.726
65.7109	18.626
65.7122	18.526
65.7135	18.426
65.7147	18.326
65.716	18.2261
65.7173	18.1261
65.7185	18.0261
65.7198	17.9261
65.7211	17.8261
65.7223	17.7261
65.7236	17.6261
65.7249	17.5261
65.7261	17.4261
65.7274	17.3261
65.7287	17.2261
65.7299	17.1261
65.7312	17.0261
65.7325	16.9262
65.7277	16.8263
65.7216	16.7265
65.7154	16.6267
65.7092	16.5269
65.7031	16.4271
65.6969	16.3273
65.6907	16.2275
65.6846	16.1276
65.6784	16.0278
65.669	15.9285
65.6491	15.8304
65.6292	15.7324
65.6094	15.6344
65.5895	15.5364
65.5696	15.4384
65.5497	15.3404
65.5299	15.2424
65.51	15.1444
65.4804	15.0495
65.4408	14.9576
65.4012	14.8658
65.3616	14.774
65.322	14.6822
65.2704	14.5976
65.2069	14.5204
65.1433	14.4432
65.0797	14.366
65.0162	14.2888
64.9277	14.2422
64.8392	14.1956
64.7507	14.1491
64.6622	14.1025
64.5672	14.0759
64.4683	14.0606
64.3695	14.0454
64.2707	14.0301
64.1718	14.0148
64.073	13.9996
63.9732	13.9984
63.8732	13.9995
63.7732	14.0006
63.6732	14.0018
63.5732	14.0029
63.4732	14.0041
63.3732	14.0052
63.2732	14.0063
63.1732	14.0075
63.0732	14.0086
62.9733	14.0097
62.8733	14.0109
62.7733	14.012
62.6733	14.0132
62.5733	14.0143
62.4733	14.0154
62.3733	14.0166
62.2733	14.0177
62.1733	14.0188
62.0733	14.02
61.9733	14.0211
61.8733	14.0223
61.7733	14.0234
61.6733	14.0245
61.5733	14.0257
61.4733	14.0268
61.3734	14.0279
61.2734	14.0291
61.1734	14.0302
61.0734	14.0313
60.9756	14.049
60.8788	14.074
60.782	14.0991
60.6852	14.1242
60.5884	14.1492
60.4915	14.1743
60.3947	14.1994
60.2979	14.2245
60.2011	14.2495
60.1067	14.2799
60.0242	14.3364
59.9417	14.3929
59.8592	14.4494
59.7767	14.506
59.7001	14.5688
59.6376	14.6469
59.5751	14.7249
59.5125	14.8029
59.45	14.8809
59.3874	14.959
59.3331	15.0415
59.3013	15.1363
59.2694	15.2311
59.2376	15.3259
59.2057	15.4207
59.1739	15.5155
59.1536	15.6123
59.1508	15.7123
59.148	15.8122
59.1452	15.9122
59.1424	16.0122
59.1396	16.1121
59.1368	16.2121
59.134	16.312
59.1312	16.412
59.1284	16.512
59.1256	16.6119
59.1226	16.7119
59.1173	16.8117
59.1119	16.9116
59.1066	17.0115
59.1012	17.1113
59.0959	17.2112
59.0906	17.311
59.0852	17.4109
59.0799	17.5107
59.0745	17.6106
59.0692	17.7105
59.0639	17.8103
59.0585	17.9102
59.0532	18.01
59.0478	18.1099
59.0425	18.2097
59.0372	18.3096
59.0318	18.4095
59.0265	18.5093
59.0211	18.6092
59.0158	18.709
59.0104	18.8089
59.0051	18.9087
58.9998	19.0086
58.9944	19.1085
58.9891	19.2083
58.9837	19.3082
58.9784	19.408
58.9731	19.5079
58.9677	19.6077
58.9624	19.7076
58.957	19.8075
58.9517	19.9073
58.9463	20.0072
58.941	20.107
58.9357	20.2069
58.9337	20.3067
58.9397	20.4066
58.9456	20.5064
58.9516	20.6062
58.9576	20.706
58.9636	20.8058
58.9696	20.9057
58.9756	21.0055
58.9816	21.1053
58.9876	21.2051
58.9935	21.3049
58.9995	21.4048
59.0055	21.5046
59.0115	21.6044
59.0175	21.7042
59.0369	21.8023
59.0564	21.9004
59.0759	21.9985
59.0954	22.0966
59.1148	22.1947
59.1343	22.2927
59.1538	22.3908
59.1732	22.4889
59.1927	22.587
59.231	22.6768
59.2903	22.7573
59.3496	22.8378
59.4089	22.9184
59.4682	22.9989
59.5289	23.0773
59.6243	23.1073
59.7198	23.1372
59.8152	23.1672
59.9106	23.1971
60.006	23.227
60.1014	23.257
60.1968	23.2869
60.2939	23.3075
60.3938	23.312
60.4937	23.3165
60.5936	23.3209
60.6935	23.3254
60.7934	23.3299
60.8933	23.3344
60.9932	23.3389
61.0931	23.3434
61.193	23.3479
61.2929	23.3524
61.3928	23.3569
61.4927	23.3614
61.5926	23.3659
61.6925	23.3704
61.7924	23.3749
61.8923	23.3794
61.9922	23.3839
62.0921	23.3884
62.192	23.3929
62.2918	23.392
62.3915	23.3843
62.4912	23.3766
62.5909	23.369
62.6906	23.3613
62.7903	23.3536
62.8899	23.3447
62.9889	23.3309
63.0871	23.3119
63.1841	23.2876
63.2797	23.2583
63.3736	23.2239
63.4655	23.1846
63.5552	23.1405
63.6425	23.0917
63.727	23.0383
63.8086	22.9805
63.887	22.9184
63.962	22.8523
64.0334	22.7823
64.101	22.7086
64.137	22.6166
64.1669	22.5212
64.1967	22.4257
64.2266	22.3303
64.2564	22.2348
64.2653	22.1367
64.2603	22.0368
64.2553	21.937
64.2503	21.8371
64.2453	21.7372
64.2404	21.6373
64.2354	21.5375
64.2304	21.4376
4.658599999	19.8963
4.717900001	19.9768
4.7773	20.0573
4.844700001	20.1308
4.9278	20.1859
5.021299999	20.2211
5.1164	20.2522
5.211399999	20.2832
5.306499999	20.3142
5.4016	20.3453
5.5002	20.354
5.600200001	20.3547
5.700199999	20.3553
5.8002	20.3559
5.900199998	20.3565
6.0002	20.3571
6.100200001	20.3577
6.200199999	20.3583
6.3002	20.3589
6.400199998	20.3595
6.5002	20.3602
6.600200001	20.3608
6.700199999	20.3614
6.8002	20.362
6.900199998	20.3626
7.0002	20.3632
7.100200001	20.3638
7.200199999	20.3644
7.3002	20.365
7.400199998	20.3656
7.5002	20.3663
7.600200001	20.3669
7.700199999	20.3675
7.8002	20.3681
7.900199998	20.3687
8.0002	20.3693
8.100200001	20.3699
8.200199999	20.3705
8.3002	20.3711
8.400199998	20.3718
8.5002	20.3724
8.600200001	20.373
8.700199999	20.3717
8.800099999	20.3675
8.899300002	20.3552
8.9967	20.3329
9.091400001	20.3009
9.182300001	20.2594
9.268599998	20.209
9.349399999	20.1501
9.423799999	20.0833
9.491	20.0093
9.5504	19.929
9.601399999	19.843
9.643399999	19.7523
9.675999999	19.6578
9.698800001	19.5605
9.711800002	19.4613
9.714699998	19.3614
9.714200001	19.2614
9.7137	19.1614
9.713100001	19.0614
9.7126	18.9614
9.712099999	18.8614
9.710900001	18.7614
9.709100001	18.6615
9.7073	18.5615
9.705499999	18.4615
9.703699999	18.3615
9.7018	18.2615
9.699999999	18.1615
9.698199999	18.0616
9.696400002	17.9616
9.694499999	17.8616
9.692699999	17.7616
9.690900002	17.6616
9.689100001	17.5616
9.6873	17.4617
9.685400002	17.3617
9.683600001	17.2617
9.6818	17.1617
9.6811	17.0617
9.681000002	16.9617
9.681000002	16.8617
9.6809	16.7617
9.6809	16.6617
9.680799998	16.5617
9.680799998	16.4617
9.6807	16.3617
9.6807	16.2617
9.680599999	16.1617
9.680599999	16.0617
9.680500001	15.9617
9.680500001	15.8617
9.680399999	15.7617
9.680399999	15.6617
9.680300001	15.5617
9.680199999	15.4617
9.680199999	15.3617
9.680100001	15.2617
9.680100001	15.1617
9.68	15.0617
9.68	14.9617
9.679900002	14.8617
9.679900002	14.7617
9.6798	14.6617
9.6798	14.5617
9.679699998	14.4617
9.6798	14.3617
9.680199999	14.2617
9.680500001	14.1617
9.6809	14.0617
9.681299999	13.9617
9.678100001	13.8618
9.670200001	13.7622
9.662300002	13.6625
9.654399998	13.5628
9.645100001	13.4632
9.634500001	13.3638
9.6239	13.2644
9.613299999	13.1649
9.602699999	13.0655
9.589400001	12.9665
9.566100001	12.8693
9.542800002	12.772
9.519499999	12.6748
9.496300001	12.5775
9.473000001	12.4802
9.446400002	12.3839
9.412799999	12.2897
9.3726	12.1982
9.325800002	12.1098
9.272700001	12.0251
9.213599999	11.9445
9.148800001	11.8683
9.078699999	11.797
9.003600001	11.731
8.923900001	11.6707
8.840100002	11.6162
8.752500001	11.568
8.661600001	11.5263
8.568	11.4912
8.472100001	11.463
8.374400001	11.4419
8.275400002	11.4279
8.1756	11.4211
8.0757	11.4179
7.975699998	11.4147
7.875799999	11.4116
7.775800001	11.4084
7.675900001	11.4052
7.5759	11.4069
7.476	11.41
7.375999998	11.4131
7.276099999	11.4162
7.176100001	11.4193
7.076200001	11.4224
6.976199999	11.4255
6.8763	11.4287
6.776299998	11.4318
6.6765	11.4371
6.577	11.4469
6.478	11.461
6.379700001	11.4795
6.282000002	11.5007
6.184300002	11.522
6.0865	11.5432
5.9888	11.5645
5.891100001	11.5857
5.795299999	11.6137
5.707600001	11.6615
5.623500001	11.7156
5.5394	11.7697
5.4553	11.8238
5.371199999	11.8779
5.293699998	11.9407
5.230099998	12.0178
5.1686	12.0967
5.1072	12.1756
5.045699999	12.2544
4.9844	12.3335
4.931600001	12.4182
4.892299999	12.5101
4.857999999	12.604
4.823600002	12.6979
4.789299998	12.7919
4.754999999	12.8858
4.720600002	12.9797
4.686299998	13.0736
4.652600002	13.1678
4.626800001	13.2643
4.611099999	13.3631
4.603100002	13.4627
4.595400002	13.5624
4.5878	13.6621
4.5801	13.7618
4.5724	13.8615
4.564800002	13.9613
4.557100002	14.061
4.5495	14.1607
4.5418	14.2604
4.534400001	14.3601
4.534899998	14.4601
4.535399999	14.5601
4.535799999	14.6601
4.5363	14.7601
4.536800001	14.8601
4.537300002	14.9601
4.537700001	15.0601
4.538199998	15.1601
4.538699999	15.2601
4.5392	15.3601
4.5396	15.4601
4.540100001	15.5601
4.540600002	15.6601
4.541099999	15.7601
4.541499998	15.8601
4.541999999	15.9601
4.5425	16.0601
4.543000001	16.1601
4.543400001	16.2601
4.543900002	16.3601
4.544399999	16.4601
4.5449	16.5601
4.545299999	16.6601
4.5458	16.7601
4.546300001	16.8601
4.546799999	16.9601
4.5473	17.0601
4.547699999	17.1601
4.5482	17.2601
4.548700001	17.3601
4.549199998	17.4601
4.549600001	17.5601
4.550099999	17.6601
4.5506	17.7601
4.551100001	17.8601
4.5506	17.96
4.5493	18.06
4.547899999	18.16
4.546500001	18.26
4.545200001	18.36
4.5438	18.46
4.542399999	18.56
4.541099999	18.66
4.539700001	18.76
4.5383	18.86
4.537	18.96
4.535599999	19.0599
4.534299999	19.1599
4.532900002	19.2599
4.531500001	19.3599
4.537500001	19.4593
4.5546	19.5579
4.571699999	19.6564
4.5887	19.7549
